, 22
, 2
, 2
, 5
, 2
, 7
, 7
, 10
, 13
, 7
, 8
, 6
, 5
, 3
, 14
, 6
, 8
, 7
, 16
, 12
, 10
, 6
, 5
, 2
, 4
, 4
, 8
, 2
, 11
, 5
, 5
, 3
, 6
, 5
, 6
, 7
, 3
, 13
, 2
, 22
, 13
, 9
, 5
, 10
, 11
, 3
, 13
, 3
, 5
, 14
, 5
, 15
, 10
, 4
, 19
, 5
, 4
, 6
, 11
, 6
, 11
, 2
, 16
, 7
, 4
, 22
, 16
, 12
, 14
, 3
, 1
, 9
, 6
, 2
, 8
, 14
, 10
, 10
, 2
, 12
, 14
, 5
, 1
, 8
, 6
, 13
, 7
, 17
, 7
, 8
, 2
, 4
, 2
, 6
, 3
, 11
, 2
, 5
, 8
, 10
, 10
, 8
, 9
, 4
, 5
, 7
, 11
, 16
, 14
, 15
, 6
, 8
, 5
, 5
, 10
, 4
, 6
, 3
, 6
, 2
, 1
, 1
, 4
, 3
, 7
, 6
, 13
, 6
, 2
, 18
, 4
, 7
, 3
, 13
, 11
, 11
, 14
, 8
, 5
, 8
, 1
, 3
, 8
, 2
, 9
, 4
, 6
, 11
, 1
, 3
, 3
, 12
, 1
, 9
, 5
, 7
, 8
, 3
, 3
, 6
, 8
, 13
, 13
, 5
, 7
, 6
, 15
, 12
, 5
, 9
, 3
, 2
, 11
, 4
, 7
, 2
, 12
, 3
, 7
, 3
, 3
, 5
, 4
, 4
, 3
, 9
, 2
, 3
, 15
, 4
, 10
, 6
, 14
, 16
, 7
, 6
, 4
, 8
, 7
, 4
, 9
, 5
, 10
, 6
, 12
, 3
, 6
, 15
, 10
, 24
, 3
, 3
, 14
, 10
, 5
, 3
, 5
, 3
, 13
, 4
, 1
, 9
, 1
, 11
, 5
, 8
, 3
, 5
, 6
, 11
, 4
, 11
, 10
, 3
, 12
, 3
, 9
, 8
, 6
, 5
, 3
, 7
, 4
, 7
, 4
, 3
, 4
, 13
, 19
, 5
, 10
, 13
, 3
, 3
, 4
, 8
, 13
, 5
, 11
, 5
, 8
, 14
, 7
, 12
, 15
, 9
, 6
, 2
, 5
, 2
, 1
, 3
, 4
, 6
, 17
, 14
, 21
, 4
, 16
, 16
, 8
, 11
, 2
, 5
, 6
, 13
, 12
, 8
, 4
, 19
, 5
, 10
, 8
, 9
, 1
, 6
, 22
, 9
, 4
, 9
, 2
, 6
, 1
, 6
, 16
, 3
, 2
, 8
, 8
, 11
, 2
, 5
, 12
, 6
, 3
, 4
, 2
, 6
, 5
, 8
, 5
, 1
, 11
, 3
, 5
, 6
, 5
, 3
, 8
, 4
, 6
, 2
, 9
, 5
, 7
, 3
, 21
, 8
, 7
, 12
, 5
, 8
, 4
, 5
, 4
, 7
, 10
, 6
, 14
, 8
, 6
, 4
, 3
, 6
, 2
, 10
, 11
, 8
, 9
, 9
, 5
, 3
, 11
, 2
, 5
, 10
, 3
, 5
, 15
, 2
, 5
, 14