110
45
35
75
35
70
70
60
120
80
120
60
85
50
50
60
60
60
105
100
70
90
125
45
70
35
120
65
80
50
35
45
50
55
50
85
50
110
50
75
125
50
50
80
65
65
125
35
50
145
90
110
55
40
60
55
60
105
55
130
95
45
125
65
50
145
105
125
65
40
45
45
60
35
65
130
140
60
40
55
90
30
50
150
35
100
80
75
70
155
30
70
45
40
65
160
45
100
45
60
75
55
60
50
55
45
65
80
105
105
75
65
50
60
150
50
150
50
40
80
30
35
65
70
35
45
75
50
40
110
55
85
55
60
135
75
125
55
75
70
55
35
115
25
125
30
35
115
50
50
45
105
30
55
45
90
95
30
40
50
30
115
125
55
35
60
135
120
110
75
50
40
75
90
85
65
85
55
60
60
45
45
40
55
55
105
30
40
120
50
70
65
120
80
100
55
50
60
75
55
85
50
40
95
70
35
90
70
100
80
45
40
80
100
45
55
40
55
50
40
50
55
30
80
75
45
55
45
55
85
30
70
75
45
105
70
125
35
50
50
45
110
45
75
50
45
30
45
135
75
75
40
50
40
75
45
105
30
70
55
45
60
45
145
120
100
55
45
50
25
45
50
75
95
115
155
135
90
100
150
80
100
35
50
55
70
90
45
40
130
60
95
65
45
30
55
80
140
55
95
35
65
30
35
160
35
45
55
110
90
40
40
140
55
30
50
45
70
70
60
55
45
50
40
40
50
55
80
80
30
40
45
130
65
35
65
90
40
95
120
45
55
35
60
65
120
100
100
130
60
135
50
55
40
40
75
55
105
65
130
40
50
110
50
65
55
45
50
135
40
55
60